13
78
165
61
206
22
18
159
74
197
112
90
110
3
253
45
250
88
31
130
214
170
89
73
168
56
173
129
34
58
46
185
101
124
9
103
238
64
12
190
123
66
96
164
138
35
84
224
44
227
142
177
184
252
202
217
30
121
86
241
225
36
122
68
181
232
163
52
157
118
135
147
11
21
104
155
239
194
218
166
243
49
48
79
28
1
37
55
87
251
221
137
82
15
139
205
29
151
174
133
6
201
244
132
212
7
246
235
24
25
67
240
16
38
76
191
199
216
195
178
237
169
125
175
207
83
57
222
219
150
167
231
98
107
189
50
26
198
193
105
108
192
72
70
63
102
245
234
230
158
100
92
152
161
114
162
146
172
247
33
128
20
69
120
179
126
47
255
182
14
59
176
99
40
65
97
117
80
220
180
4
27
2
144
145
213
54
215
109
131
8
200
115
210
188
17
236
136
171
141
153
85
39
116
208
106
75
32
228
226
94
43
254
23
149
187
119
51
71
42
41
160
183
256
95
242
209
140
248
203
81
223
204
233
60
111
62
156
211
196
229
77
93
186
53
148
91
154
113
249
127
5
10
19
134
143
